270.000000 	 199.999992 
270.148430 	 200.260689 
270.505417 	 200.885880 
270.659866 	 201.155434 
270.864166 	 201.511322 
271.068878 	 201.866936 
271.273956 	 202.222343 
271.479355 	 202.577545 
271.685143 	 202.932518 
271.891251 	 203.287308 
272.097679 	 203.641914 
272.304428 	 203.996315 
272.511475 	 204.350555 
272.718842 	 204.704590 
272.926392 	 205.058510 
273.134331 	 205.412201 
273.342453 	 205.765778 
273.550804 	 206.119217 
273.759453 	 206.472473 
273.968399 	 206.825546 
274.177460 	 207.178551 
274.386818 	 207.531372 
274.596336 	 207.884102 
274.806061 	 208.236717 
275.015923 	 208.589241 
275.226036 	 208.941605 
275.436264 	 209.293900 
275.646652 	 209.646103 
275.857155 	 209.998215 
276.067863 	 210.350212 
276.278618 	 210.702187 
276.489578 	 211.054024 
276.700562 	 211.405838 
276.911659 	 211.757584 
277.122803 	 212.109306 
277.334152 	 212.460915 
277.545433 	 212.812546 
277.756897 	 213.164085 
277.968292 	 213.515648 
278.179756 	 213.867165 
278.391289 	 214.218636 
278.602776 	 214.570129 
278.814331 	 214.921600 
279.025909 	 215.273048 
279.237419 	 215.624542 
279.448952 	 215.976013 
279.660370 	 216.327553 
279.871857 	 216.679047 
280.083321 	 217.030563 
280.294601 	 217.382195 
280.505882 	 217.733826 
280.717186 	 218.085434 
280.928284 	 218.437180 
281.139313 	 218.788948 
281.350227 	 219.140785 
281.561073 	 219.492668 
281.771873 	 219.844597 
281.982468 	 220.196640 
282.192947 	 220.548752 
282.403336 	 220.900932 
282.613564 	 221.253204 
282.823586 	 221.605591 
283.033539 	 221.958023 
283.243240 	 222.310616 
283.452873 	 222.663254 
283.662346 	 223.015984 
283.871635 	 223.368828 
284.080742 	 223.721809 
284.289574 	 224.074951 
284.498314 	 224.428139 
284.706871 	 224.781441 
284.915154 	 225.134926 
285.123390 	 225.488434 
285.331261 	 225.842148 
285.539108 	 226.195885 
285.746613 	 226.549828 
285.953934 	 226.903885 
286.161072 	 227.258057 
286.368073 	 227.612320 
286.574799 	 227.966743 
286.781410 	 228.321259 
286.987701 	 228.675957 
287.193878 	 229.030724 
287.399849 	 229.385628 
287.605614 	 229.740646 
287.811150 	 230.095802 
288.016548 	 230.451050 
288.221718 	 230.806435 
288.426773 	 231.161888 
288.631531 	 231.517525 
288.836266 	 231.873184 
289.040726 	 232.229004 
289.244980 	 232.584961 
289.449097 	 232.940987 
289.653053 	 233.297127 
289.856918 	 233.653313 
290.060555 	 234.009636 
290.264076 	 234.366028 
290.467484 	 234.722511 
290.670731 	 235.079086 
290.873840 	 235.435730 
291.076904 	 235.792419 
291.279808 	 236.149200 
291.482529 	 236.506096 
291.685249 	 236.862991 
291.887787 	 237.220001 
292.090279 	 237.577034 
292.292747 	 237.934090 
292.495056 	 238.291237 
292.697273 	 238.648453 
292.899467 	 239.005669 
293.101524 	 239.362976 
293.303673 	 239.720238 
293.505684 	 240.077568 
293.707649 	 240.434944 
293.909615 	 240.792320 
294.111557 	 241.149719 
294.313431 	 241.507141 
294.515327 	 241.864563 
294.717201 	 242.222008 
294.919052 	 242.579453 
295.120903 	 242.936897 
295.322823 	 243.294319 
295.524696 	 243.651764 
295.726570 	 244.009209 
295.928535 	 244.366608 
296.130432 	 244.724052 
296.332397 	 245.081451 
296.534431 	 245.438828 
296.736580 	 245.796135 
296.938705 	 246.153465 
297.140831 	 246.510773 
297.343071 	 246.868034 
297.545357 	 247.225273 
297.747620 	 247.582512 
297.950066 	 247.939659 
298.152534 	 248.296783 
298.355072 	 248.653862 
298.557678 	 249.010918 
298.760468 	 249.367859 
298.963211 	 249.724823 
299.166115 	 250.081696 
299.369133 	 250.438522 
299.572151 	 250.795326 
299.775352 	 251.152039 
299.978622 	 251.508705 
300.181961 	 251.865326 
300.385437 	 252.221878 
300.589073 	 252.578339 
300.792732 	 252.934776 
300.996597 	 253.291100 
301.200462 	 253.647423 
301.404533 	 254.003632 
301.608627 	 254.359818 
301.812973 	 254.715866 
302.017319 	 255.071915 
302.221939 	 255.427803 
302.426537 	 255.783714 
302.631340 	 256.139488 
302.836235 	 256.495216 
303.041290 	 256.850853 
303.246437 	 257.206444 
303.451721 	 257.561943 
303.657166 	 257.917351 
303.862701 	 258.272713 
304.068443 	 258.627937 
304.274300 	 258.983116 
304.480247 	 259.338226 
304.686310 	 259.693268 
304.892647 	 260.048149 
305.098984 	 260.403030 
305.305504 	 260.757797 
305.512253 	 261.112427 
305.719025 	 261.467056 
305.925957 	 261.821594 
306.133141 	 262.175972 
306.340347 	 262.530327 
306.547806 	 262.884544 
306.755287 	 263.238739 
306.962997 	 263.592796 
307.170822 	 263.946785 
307.378807 	 264.300682 
307.587021 	 264.654442 
307.795280 	 265.008179 
308.003746 	 265.361801 
308.212303 	 265.715355 
308.421021 	 266.068817 
308.629967 	 266.422142 
308.839096 	 266.775352 
309.048294 	 267.128517 
309.257607 	 267.481613 
309.467285 	 267.834503 
309.676895 	 268.187416 
309.886757 	 268.540192 
310.096802 	 268.892853 
310.307007 	 269.245422 
310.517395 	 269.597878 
310.727921 	 269.950241 
310.938606 	 270.302513 
311.149521 	 270.654648 
311.360619 	 271.006668 
311.571762 	 271.358665 
311.783180 	 271.710503 
311.994804 	 272.062202 
312.206474 	 272.413879 
312.418488 	 272.765350 
312.630615 	 273.116753 
312.842972 	 273.468018 
313.055489 	 273.819168 
313.268166 	 274.170227 
313.481117 	 274.521126 
313.694252 	 274.871910 
313.907570 	 275.222580 
314.121117 	 275.573112 
314.334846 	 275.923531 
314.548851 	 276.273788 
314.763039 	 276.623932 
314.977455 	 276.973938 
315.192078 	 277.323807 
315.406952 	 277.673515 
315.622032 	 278.023109 
315.837433 	 278.372498 
316.053040 	 278.721771 
316.268898 	 279.070885 
316.485031 	 279.419838 
316.701416 	 279.768631 
316.918098 	 280.117241 
317.135078 	 280.465668 
317.352264 	 280.813957 
317.569817 	 281.162018 
317.787712 	 281.509872 
318.005768 	 281.857613 
318.224304 	 282.205055 
318.443069 	 282.552361 
318.662201 	 282.899437 
318.881744 	 283.246262 
319.101540 	 283.592926 
319.321770 	 283.939316 
319.542366 	 284.285477 
319.763351 	 284.631386 
319.984772 	 284.977020 
320.206535 	 285.322449 
320.428825 	 285.667534 
320.651436 	 286.012413 
320.874664 	 286.356903 
321.098259 	 286.701164 
321.322380 	 287.045082 
321.547028 	 287.388657 
321.772156 	 287.731911 
321.997833 	 288.074821 
322.224174 	 288.417297 
322.450974 	 288.759476 
322.678436 	 289.101219 
322.906517 	 289.442551 
323.135307 	 289.783424 
323.364761 	 290.123840 
323.594879 	 290.463821 
323.825867 	 290.803230 
324.057449 	 291.142227 
324.289948 	 291.480606 
324.523224 	 291.818459 
324.757439 	 292.155670 
324.992569 	 292.492264 
325.228661 	 292.828194 
325.465714 	 293.163460 
325.703796 	 293.498016 
325.943047 	 293.831749 
326.183395 	 294.164703 
326.424934 	 294.496811 
326.667778 	 294.827980 
326.911903 	 295.158257 
327.157425 	 295.487503 
327.404526 	 295.815605 
327.653069 	 296.142632 
327.903259 	 296.468445 
328.155144 	 296.792976 
328.408882 	 297.116089 
328.664497 	 297.437759 
328.922104 	 297.757851 
329.181885 	 298.076225 
329.443932 	 298.392769 
329.708267 	 298.707458 
329.975258 	 299.019951 
330.244881 	 299.330223 
330.517365 	 299.638046 
330.792870 	 299.943260 
331.071625 	 300.245567 
331.353836 	 300.544762 
331.639709 	 300.840523 
331.929428 	 301.132622 
332.223244 	 301.420692 
332.521500 	 301.704277 
332.824425 	 301.983032 
333.132271 	 302.256500 
333.445381 	 302.524086 
333.764053 	 302.785217 
334.088562 	 303.039276 
334.419182 	 303.285599 
334.756210 	 303.523338 
335.099899 	 303.751648 
335.450455 	 303.969612 
335.807945 	 304.176430 
336.172462 	 304.371048 
336.544006 	 304.552368 
336.922325 	 304.719704 
337.307190 	 304.872002 
337.698189 	 305.008598 
338.094727 	 305.128967 
338.496185 	 305.232628 
338.901855 	 305.319489 
339.310982 	 305.389572 
339.722763 	 305.443336 
340.136467 	 305.481194 
340.551407 	 305.503990 
340.967010 	 305.512527 
341.382774 	 305.507835 
341.798309 	 305.490852 
342.213318 	 305.462746 
342.627525 	 305.424454 
343.040840 	 305.377075 
343.453125 	 305.321457 
343.864357 	 305.258675 
344.274559 	 305.189461 
344.683731 	 305.114594 
345.091759 	 305.034851 
345.499329 	 304.950806 
345.905594 	 304.863213 
346.311562 	 304.772438 
346.716614 	 304.679123 
347.121162 	 304.583679 
347.525253 	 304.486519 
347.928932 	 304.388008 
348.332314 	 304.288513 
348.735443 	 304.188354 
349.138412 	 304.087830 
349.541267 	 303.987144 
349.944099 	 303.886597 
350.346931 	 303.786392 
350.749832 	 303.686737 
351.152847 	 303.587814 
351.556023 	 303.489807 
351.959381 	 303.392876 
352.363037 	 303.297134 
352.766762 	 303.202812 
353.170921 	 303.109955 
353.575447 	 303.018677 
353.979996 	 302.929184 
354.385094 	 302.841499 
354.790489 	 302.755714 
355.196251 	 302.671967 
355.602379 	 302.590302 
356.008873 	 302.510834 
356.415733 	 302.433609 
356.822960 	 302.358719 
357.230576 	 302.286209 
357.638557 	 302.216148 
358.046928 	 302.148605 
358.455620 	 302.083649 
358.864700 	 302.021301 
359.274124 	 301.961609 
359.683868 	 301.904663 
360.093933 	 301.850464 
360.504318 	 301.799057 
360.915001 	 301.750511 
361.325958 	 301.704849 
361.737167 	 301.662094 
362.148628 	 301.622292 
362.560318 	 301.585487 
362.972214 	 301.551682 
363.384315 	 301.520943 
363.796577 	 301.493248 
364.209000 	 301.468666 
364.621536 	 301.447174 
365.034187 	 301.428864 
365.446907 	 301.413712 
365.859695 	 301.401718 
366.272530 	 301.392975 
366.685364 	 301.387436 
367.098198 	 301.385124 
367.510986 	 301.386086 
367.923706 	 301.390320 
368.336357 	 301.397873 
368.748894 	 301.408699 
369.161293 	 301.422844 
369.573509 	 301.440331 
369.985542 	 301.461136 
370.397346 	 301.485306 
370.808922 	 301.512863 
371.220200 	 301.543762 
371.631180 	 301.578026 
372.041817 	 301.615700 
372.452110 	 301.656761 
372.861992 	 301.701233 
373.271484 	 301.749092 
373.680496 	 301.800385 
374.089531 	 301.855156 
374.496849 	 301.913155 
374.904579 	 301.974724 
375.311531 	 302.039703 
375.717888 	 302.108093 
376.123604 	 302.179916 
376.528679 	 302.255173 
376.933067 	 302.333862 
377.336746 	 302.415985 
377.739670 	 302.501541 
378.141815 	 302.590530 
378.543159 	 302.682930 
378.943657 	 302.778786 
379.343307 	 302.878052 
379.742043 	 302.980728 
380.139839 	 303.086838 
380.536697 	 303.196358 
380.932549 	 303.309311 
381.327393 	 303.425652 
381.721184 	 303.545403 
382.113899 	 303.668541 
382.505493 	 303.795067 
382.895943 	 303.925003 
383.285225 	 304.058304 
383.673317 	 304.194969 
384.060150 	 304.334999 
384.445724 	 304.478371 
384.830017 	 304.625107 
385.212982 	 304.775185 
385.594574 	 304.928604 
385.974792 	 305.085320 
386.353592 	 305.245354 
386.730972 	 305.408684 
387.106842 	 305.575310 
387.481293 	 305.745232 
387.854141 	 305.918404 
388.225433 	 306.094849 
388.595169 	 306.274521 
388.963257 	 306.457443 
389.329742 	 306.643593 
389.694489 	 306.832947 
390.057587 	 307.025505 
390.418900 	 307.221222 
390.778427 	 307.420097 
391.136169 	 307.622131 
391.492081 	 307.827301 
391.846161 	 308.035606 
392.198410 	 308.247047 
392.548691 	 308.461533 
392.897049 	 308.679108 
393.243484 	 308.899773 
393.587906 	 309.123482 
393.930313 	 309.350212 
394.270660 	 309.579941 
394.608948 	 309.812691 
394.945175 	 310.048416 
395.279205 	 310.287071 
395.611130 	 310.528702 
395.940857 	 310.773239 
396.268387 	 311.020706 
396.593719 	 311.271034 
396.916718 	 311.524223 
397.237473 	 311.780296 
397.555939 	 312.039162 
397.872025 	 312.300842 
398.185776 	 312.565315 
398.497147 	 312.832558 
398.806091 	 313.102547 
399.112610 	 313.375259 
399.416656 	 313.650696 
399.718231 	 313.928787 
400.017242 	 314.209534 
400.313782 	 314.492912 
400.607712 	 314.778900 
400.899124 	 315.067497 
401.187881 	 315.358658 
401.474030 	 315.652382 
401.757523 	 315.948624 
402.038361 	 316.247337 
402.316498 	 316.548546 
402.591888 	 316.852203 
402.864578 	 317.158287 
403.134476 	 317.466774 
403.401627 	 317.777641 
403.665939 	 318.090866 
403.927460 	 318.406403 
404.186096 	 318.724251 
404.441895 	 319.044365 
404.694809 	 319.366722 
404.944794 	 319.691322 
405.191895 	 320.018120 
405.436020 	 320.347092 
405.677216 	 320.678192 
405.915390 	 321.011421 
406.150589 	 321.346733 
406.382767 	 321.684105 
406.611877 	 322.023537 
406.837967 	 322.364960 
407.060989 	 322.708351 
407.280899 	 323.053711 
407.497696 	 323.400993 
407.711426 	 323.750153 
407.921951 	 324.101189 
408.129364 	 324.454056 
408.333572 	 324.808731 
408.534622 	 325.165192 
408.732468 	 325.523392 
408.927109 	 325.883308 
409.118500 	 326.244919 
409.306641 	 326.608200 
409.491577 	 326.973106 
409.673172 	 327.339592 
409.851517 	 327.707680 
410.026566 	 328.077278 
410.198318 	 328.448364 
410.366730 	 328.820938 
410.531845 	 329.194977 
410.693573 	 329.570435 
410.852005 	 329.947289 
411.007050 	 330.325470 
411.158707 	 330.704979 
411.306976 	 331.085793 
411.451859 	 331.467842 
411.593353 	 331.851128 
411.731415 	 332.235603 
411.866089 	 332.621246 
411.997330 	 333.008034 
412.125137 	 333.395943 
412.249466 	 333.784859 
412.370407 	 334.174873 
412.487869 	 334.565849 
412.601852 	 334.957809 
412.712402 	 335.350708 
412.819473 	 335.744499 
412.923065 	 336.139160 
413.023178 	 336.534668 
413.119812 	 336.930977 
413.212967 	 337.328064 
413.302643 	 337.725883 
413.388840 	 338.124390 
413.471512 	 338.523582 
413.550751 	 338.923439 
413.626465 	 339.323868 
413.698700 	 339.724892 
413.767456 	 340.126442 
413.832733 	 340.528496 
413.894577 	 340.931030 
413.952896 	 341.333977 
414.007736 	 341.737358 
414.059189 	 342.141106 
414.107117 	 342.545174 
414.151657 	 342.949585 
414.192719 	 343.354225 
414.230392 	 343.759117 
414.264633 	 344.164215 
414.295486 	 344.569496 
414.322952 	 344.974915 
414.347122 	 345.380424 
414.367905 	 345.785980 
414.385391 	 346.191605 
414.399582 	 346.597229 
414.410568 	 347.002831 
414.418304 	 347.408363 
414.422928 	 347.813850 
414.424347 	 348.219200 
414.422745 	 348.624458 
414.418167 	 349.029533 
414.410614 	 349.434448 
414.400223 	 349.839203 
414.387085 	 350.243774 
414.371338 	 350.648163 
414.353073 	 351.052368 
414.332474 	 351.456459 
414.309814 	 351.860481 
414.285233 	 352.264458 
414.259140 	 352.668571 
414.231857 	 353.072914 
414.203979 	 353.477737 
414.176239 	 353.883316 
414.149506 	 354.290016 
414.125198 	 354.698387 
414.105331 	 355.109001 
414.092972 	 355.522591 
414.093018 	 355.939774 
414.113846 	 356.360687 
414.169510 	 356.783478 
414.283218 	 357.200134 
414.482849 	 357.588524 
414.773849 	 357.916031 
415.123993 	 358.171509 
415.500000 	 358.372032 
415.887451 	 358.538315 
416.280807 	 358.683838 
416.677231 	 358.816566 
417.075119 	 358.941284 
417.473648 	 359.061195 
417.872314 	 359.178360 
418.270798 	 359.294220 
418.668915 	 359.409828 
419.066483 	 359.525940 
419.463455 	 359.643105 
419.859650 	 359.761757 
420.255066 	 359.882217 
420.649612 	 360.004784 
421.043289 	 360.129616 
421.436005 	 360.256874 
421.827713 	 360.386742 
422.218414 	 360.519287 
422.608017 	 360.654602 
422.996521 	 360.792801 
423.383881 	 360.933884 
423.770050 	 361.077919 
424.154984 	 361.224976 
424.538635 	 361.375053 
424.921005 	 361.528175 
425.302048 	 361.684387 
425.681763 	 361.843712 
426.060104 	 362.006149 
426.437027 	 362.171722 
426.812485 	 362.340431 
427.186432 	 362.512276 
427.558868 	 362.687256 
427.929794 	 362.865372 
428.299118 	 363.046646 
428.666840 	 363.231056 
429.032913 	 363.418602 
429.397293 	 363.609283 
429.759979 	 363.803078 
430.120972 	 364.000008 
430.480179 	 364.200050 
430.837601 	 364.403206 
431.193192 	 364.609451 
431.546951 	 364.818764 
431.898834 	 365.031166 
432.248795 	 365.246613 
432.596832 	 365.465126 
432.942902 	 365.686661 
433.286957 	 365.911217 
433.628998 	 366.138794 
433.969025 	 366.369347 
434.306946 	 366.602898 
434.642807 	 366.839424 
434.976517 	 367.078880 
435.308029 	 367.321266 
435.637436 	 367.566582 
435.964554 	 367.814758 
436.289474 	 368.065842 
436.612106 	 368.319763 
436.932449 	 368.576546 
437.250504 	 368.836166 
437.566177 	 369.098557 
437.879517 	 369.363762 
438.190430 	 369.631737 
438.498962 	 369.902435 
438.804977 	 370.175835 
439.108566 	 370.451958 
439.409637 	 370.730759 
439.708237 	 371.012215 
440.004227 	 371.296303 
440.297699 	 371.583023 
440.588516 	 371.872330 
440.876770 	 372.164200 
441.162323 	 372.458611 
441.445267 	 372.755539 
441.725510 	 373.054962 
442.003052 	 373.356880 
442.277847 	 373.661270 
442.549896 	 373.968063 
442.819153 	 374.277260 
443.085663 	 374.588837 
443.349289 	 374.902748 
443.610123 	 375.219017 
443.868073 	 375.537598 
444.123138 	 375.858444 
444.375320 	 376.181534 
444.624573 	 376.506866 
444.870895 	 376.834396 
445.114243 	 377.164101 
445.354614 	 377.495934 
445.591965 	 377.829895 
445.826294 	 378.165939 
446.057602 	 378.504044 
446.285843 	 378.844185 
446.511017 	 379.186340 
446.733078 	 379.530487 
446.952026 	 379.876579 
447.167862 	 380.224594 
447.380585 	 380.574486 
447.590103 	 380.926254 
447.796463 	 381.279877 
447.999619 	 381.635307 
448.199570 	 381.992523 
448.396271 	 382.351479 
448.589767 	 382.712151 
448.779968 	 383.074493 
448.966919 	 383.438507 
449.150574 	 383.804169 
449.330978 	 384.171432 
449.507996 	 384.540253 
449.681763 	 384.910629 
449.852142 	 385.282471 
450.019180 	 385.655823 
450.182831 	 386.030594 
450.343140 	 386.406784 
450.500015 	 386.784393 
450.653503 	 387.163330 
450.803604 	 387.543594 
450.950272 	 387.925140 
451.093506 	 388.307968 
451.233307 	 388.692032 
451.369629 	 389.077286 
451.502518 	 389.463684 
451.631882 	 389.851227 
451.757812 	 390.239868 
451.880219 	 390.629562 
451.999146 	 391.020309 
452.114548 	 391.412064 
452.226471 	 391.804779 
452.334824 	 392.198410 
452.439697 	 392.592957 
452.541000 	 392.988373 
452.638733 	 393.384659 
452.732941 	 393.781723 
452.823624 	 394.179565 
452.910690 	 394.578140 
452.994232 	 394.977448 
453.074203 	 395.377396 
453.150604 	 395.777985 
453.223389 	 396.179169 
453.292603 	 396.580948 
453.358246 	 396.983231 
453.420319 	 397.385971 
453.478729 	 397.789169 
453.533615 	 398.192871 
453.584885 	 398.596939 
453.632538 	 399.001373 
453.676620 	 399.406128 
453.717087 	 399.811157 
453.753937 	 400.216461 
453.787216 	 400.621994 
453.816879 	 401.027664 
453.842972 	 401.433517 
453.865448 	 401.839462 
453.884354 	 402.245499 
453.899643 	 402.651535 
453.911362 	 403.057617 
453.919464 	 403.463608 
453.924042 	 403.869507 
453.925003 	 404.275269 
453.922394 	 404.680893 
453.916260 	 405.086334 
453.906555 	 405.491455 
453.893280 	 405.896301 
453.876480 	 406.300827 
453.856155 	 406.704941 
453.832260 	 407.108643 
453.804932 	 407.511887 
453.774033 	 407.914536 
453.739700 	 408.316635 
453.701889 	 408.718048 
453.660645 	 409.118729 
453.615967 	 409.518585 
453.567856 	 409.917526 
453.516403 	 410.315506 
453.461563 	 410.712433 
453.403427 	 411.108124 
453.342041 	 411.502487 
453.277451 	 411.895248 
453.209747 	 412.286224 
453.138931 	 412.675095 
453.065231 	 413.061539 
452.988785 	 413.444824 
452.909821 	 413.824173 
452.828796 	 414.198120 
452.746307 	 414.564285 
452.663681 	 414.917999 
452.583939 	 415.248230 
452.514954 	 415.525772 
452.435532 	 415.836823 
452.236038 	 416.581558 
452.106491 	 417.040833 
451.999924 	 417.405853 
451.879440 	 417.805893 
451.752594 	 418.213806 
451.623184 	 418.617233 
451.490845 	 419.017319 
451.355347 	 419.415115 
451.216690 	 419.810669 
451.074875 	 420.204163 
450.929855 	 420.595642 
450.781631 	 420.985245 
450.630249 	 421.373016 
450.475662 	 421.758957 
450.317917 	 422.143112 
450.157013 	 422.525528 
449.992950 	 422.906204 
449.825775 	 423.285187 
449.655441 	 423.662384 
449.481995 	 424.037888 
449.305481 	 424.411652 
449.125854 	 424.783676 
448.943207 	 425.153961 
448.757446 	 425.522552 
448.568710 	 425.889359 
448.376953 	 426.254379 
448.182220 	 426.617661 
447.984558 	 426.979156 
447.783920 	 427.338821 
447.580353 	 427.696655 
447.373901 	 428.052704 
447.164612 	 428.406876 
446.952438 	 428.759216 
446.737427 	 429.109726 
446.519623 	 429.458359 
446.299026 	 429.805115 
446.075684 	 430.149948 
445.849594 	 430.492859 
445.620850 	 430.833893 
445.389404 	 431.172958 
445.155304 	 431.510056 
444.918594 	 431.845230 
444.679321 	 432.178436 
444.437485 	 432.509674 
444.193085 	 432.838898 
443.946213 	 433.166199 
443.696869 	 433.491440 
443.445099 	 433.814713 
443.190857 	 434.136017 
442.934280 	 434.455307 
442.675369 	 434.772537 
442.414124 	 435.087799 
442.150635 	 435.401093 
441.884903 	 435.712280 
441.616928 	 436.021545 
441.346802 	 436.328796 
441.074524 	 436.634033 
440.800186 	 436.937302 
440.523788 	 437.238556 
440.245422 	 437.537842 
439.965042 	 437.835159 
439.682739 	 438.130554 
439.398560 	 438.424026 
439.112549 	 438.715576 
438.824753 	 439.005203 
438.535217 	 439.292999 
438.243988 	 439.578918 
437.951111 	 439.863007 
437.656677 	 440.145355 
437.360733 	 440.425873 
437.063278 	 440.704697 
436.764450 	 440.981873 
436.464249 	 441.257401 
436.162766 	 441.531372 
435.860092 	 441.803833 
435.556229 	 442.074829 
435.251312 	 442.344452 
434.945389 	 442.612747 
434.638550 	 442.879807 
434.330887 	 443.145721 
434.022491 	 443.410538 
433.713501 	 443.674438 
433.403961 	 443.937469 
433.094009 	 444.199768 
432.783737 	 444.461517 
432.473419 	 444.722672 
432.162964 	 444.983643 
431.852737 	 445.244476 
431.542740 	 445.505310 
431.233246 	 445.766464 
430.924484 	 446.028030 
430.616592 	 446.290283 
430.309891 	 446.553497 
430.004562 	 446.817902 
429.700974 	 447.083817 
429.399445 	 447.351608 
429.100296 	 447.621506 
428.804031 	 447.894012 
428.510971 	 448.169403 
428.221756 	 448.448135 
427.936935 	 448.730621 
427.657150 	 449.017273 
427.383133 	 449.308594 
427.115616 	 449.604950 
426.855606 	 449.906845 
426.603973 	 450.214554 
426.361816 	 450.528442 
426.130280 	 450.848648 
425.910507 	 451.175217 
425.703690 	 451.507965 
425.511063 	 451.846436 
425.333725 	 452.189713 
425.172775 	 452.536469 
425.029083 	 452.884232 
424.903793 	 453.229019 
424.798096 	 453.562729 
424.714828 	 453.866180 
424.653992 	 454.120789 
424.515106 	 454.905624 
424.460175 	 455.427521 
424.438202 	 455.788696 
424.427902 	 456.197891 
424.432617 	 456.622650 
424.451614 	 457.043335 
424.483383 	 457.460815 
424.526962 	 457.876053 
424.581253 	 458.289093 
424.645340 	 458.699890 
424.718353 	 459.108536 
424.799423 	 459.515030 
424.887955 	 459.919510 
424.983261 	 460.322021 
425.084839 	 460.722656 
425.192139 	 461.121460 
425.304657 	 461.518616 
425.421982 	 461.914124 
425.543976 	 462.308029 
425.669907 	 462.700516 
425.799866 	 463.091492 
425.933304 	 463.481186 
426.070038 	 463.869598 
426.209839 	 464.256775 
426.352615 	 464.642807 
426.498184 	 465.027695 
426.646042 	 465.411621 
426.796371 	 465.794495 
426.949036 	 466.176407 
427.103622 	 466.557449 
427.260361 	 466.937576 
427.418747 	 467.316971 
427.579102 	 467.695496 
427.741013 	 468.073288 
427.904434 	 468.450394 
428.069412 	 468.826767 
428.235901 	 469.202454 
428.403534 	 469.577591 
428.572540 	 469.952087 
428.742737 	 470.325989 
428.914078 	 470.699341 
429.086609 	 471.072189 
429.260056 	 471.444580 
429.434555 	 471.816422 
429.610062 	 472.187805 
429.786530 	 472.558685 
429.963730 	 472.929199 
430.141846 	 473.299255 
430.320786 	 473.668900 
430.500366 	 474.038223 
430.680954 	 474.407043 
430.862000 	 474.775635 
431.043869 	 475.143814 
431.226242 	 475.511719 
431.409485 	 475.879166 
431.593185 	 476.246384 
431.777481 	 476.613281 
431.962280 	 476.979904 
432.147675 	 477.346207 
432.333618 	 477.712280 
432.520065 	 478.078079 
432.706970 	 478.443604 
432.894424 	 478.808853 
433.082336 	 479.173874 
433.270615 	 479.538666 
433.459351 	 479.903229 
433.648544 	 480.267563 
433.838013 	 480.631714 
434.027985 	 480.995636 
434.218323 	 481.359329 
434.409027 	 481.722839 
434.600006 	 482.086212 
434.791397 	 482.449356 
434.983154 	 482.812271 
435.175232 	 483.175049 
435.367584 	 483.537643 
435.560165 	 483.900146 
435.753204 	 484.262375 
435.946472 	 484.624466 
436.139969 	 484.986465 
436.333786 	 485.348282 
436.527832 	 485.709961 
436.722244 	 486.071457 
436.916748 	 486.432907 
437.111664 	 486.794128 
437.306763 	 487.155258 
437.501999 	 487.516296 
437.697556 	 487.877151 
437.893295 	 488.237915 
438.089355 	 488.598495 
438.285553 	 488.958984 
438.481934 	 489.319382 
438.678497 	 489.679688 
438.875290 	 490.039856 
439.072357 	 490.399887 
439.269470 	 490.759872 
439.466904 	 491.119675 
439.664429 	 491.479431 
439.862137 	 491.839096 
440.059982 	 492.198669 
440.258102 	 492.558105 
440.456314 	 492.917496 
440.654709 	 493.276794 
440.853195 	 493.636002 
441.051865 	 493.995117 
441.250763 	 494.354095 
441.449753 	 494.713028 
441.648834 	 495.071915 
441.848190 	 495.430664 
442.047592 	 495.789368 
442.247177 	 496.147980 
442.446762 	 496.506592 
442.646622 	 496.865021 
442.846619 	 497.223404 
443.046616 	 497.581787 
443.246887 	 497.940033 
443.447205 	 498.298233 
443.647568 	 498.656387 
443.848160 	 499.014404 
444.048843 	 499.372375 
444.249573 	 499.730301 
444.450394 	 500.088181 
444.651443 	 500.445969 
444.852493 	 500.803757 
445.053635 	 501.161453 
445.255005 	 501.519058 
445.456375 	 501.876663 
445.657883 	 502.234177 
445.859528 	 502.591599 
446.061172 	 502.949020 
446.262909 	 503.306396 
446.464828 	 503.663681 
446.666794 	 504.020920 
446.868851 	 504.378113 
447.070953 	 504.735306 
447.273239 	 505.092361 
447.475525 	 505.449417 
447.677902 	 505.806427 
447.880371 	 506.163391 
448.082932 	 506.520309 
448.285538 	 506.877182 
448.488281 	 507.234009 
448.691025 	 507.590836 
448.893906 	 507.947571 
449.096832 	 508.304260 
449.299805 	 508.660904 
449.502823 	 509.017548 
449.705978 	 509.374100 
449.909180 	 509.730652 
450.112473 	 510.087112 
450.315811 	 510.443573 
450.519287 	 510.799942 
450.722763 	 511.156311 
450.926331 	 511.512634 
451.129944 	 511.868958 
451.333603 	 512.225235 
451.537308 	 512.581467 
451.741150 	 512.937653 
451.944992 	 513.293839 
452.148880 	 513.649979 
452.352905 	 514.006027 
452.556885 	 514.362122 
452.761002 	 514.718124 
452.965118 	 515.074127 
453.169327 	 515.430084 
453.373627 	 515.785995 
453.577881 	 516.141907 
453.782227 	 516.497772 
453.986618 	 516.853638 
454.191101 	 517.209457 
454.395676 	 517.565186 
454.600204 	 517.920959 
454.804779 	 518.276688 
455.009491 	 518.632370 
455.214157 	 518.988052 
455.418915 	 519.343689 
455.623718 	 519.699280 
455.828613 	 520.054825 
456.033463 	 520.410416 
456.238312 	 520.766006 
456.443390 	 521.121460 
456.648376 	 521.476959 
456.853500 	 521.832367 
457.058578 	 522.187820 
457.263702 	 522.543228 
457.468964 	 522.898590 
457.674225 	 523.253952 
457.879486 	 523.609314 
458.084793 	 523.964630 
458.290146 	 524.319946 
458.495544 	 524.675217 
458.700943 	 525.030487 
458.906525 	 525.385620 
459.112015 	 525.740845 
459.317551 	 526.096024 
459.523132 	 526.451202 
459.728760 	 526.806335 
459.934479 	 527.161423 
460.140152 	 527.516510 
460.345871 	 527.871597 
460.551682 	 528.226639 
460.757492 	 528.581680 
460.963303 	 528.936722 
461.169205 	 529.291672 
461.375061 	 529.646667 
461.580963 	 530.001617 
461.786911 	 530.356567 
461.993042 	 530.711426 
462.198990 	 531.066376 
462.405167 	 531.421188 
462.611252 	 531.776047 
462.817337 	 532.130905 
463.023468 	 532.485718 
463.229599 	 532.840530 
463.435913 	 533.195251 
463.642136 	 533.550064 
463.848450 	 533.904785 
464.054718 	 534.259552 
464.261032 	 534.614273 
464.467392 	 534.968994 
464.673843 	 535.323624 
464.880249 	 535.678299 
465.086609 	 536.032974 
465.293152 	 536.387604 
465.499695 	 536.742188 
465.706192 	 537.096817 
465.912735 	 537.451401 
466.119324 	 537.805984 
466.325958 	 538.160522 
466.532593 	 538.515060 
466.739182 	 538.869644 
466.945862 	 539.224136 
467.152679 	 539.578583 
467.359406 	 539.933075 
467.566177 	 540.287521 
467.772949 	 540.641968 
467.979721 	 540.996414 
468.186584 	 541.350815 
468.393402 	 541.705261 
468.600311 	 542.059616 
468.807175 	 542.414017 
469.014130 	 542.768372 
469.221085 	 543.122726 
469.428040 	 543.477081 
469.634949 	 543.831436 
469.842041 	 544.185745 
470.049088 	 544.540054 
470.256134 	 544.894363 
470.463226 	 545.248627 
470.670410 	 545.602844 
470.877457 	 545.957153 
471.084641 	 546.311371 
471.291824 	 546.665588 
471.498917 	 547.019852 
471.706146 	 547.374023 
471.913422 	 547.728195 
472.120651 	 548.082413 
472.327881 	 548.436584 
472.535156 	 548.790756 
472.742432 	 549.144928 
472.949844 	 549.499008 
473.157120 	 549.853180 
473.364578 	 550.207260 
473.571945 	 550.561386 
473.779358 	 550.915466 
473.986725 	 551.269592 
474.194138 	 551.623672 
474.401688 	 551.977661 
474.609055 	 552.331787 
474.816559 	 552.685822 
475.024109 	 553.039810 
475.231613 	 553.393845 
475.439117 	 553.747879 
475.646713 	 554.101868 
475.854309 	 554.455856 
476.061905 	 554.809845 
476.269501 	 555.163834 
476.477142 	 555.517776 
476.684738 	 555.871765 
476.892471 	 556.225662 
477.100204 	 556.579559 
477.307800 	 556.933548 
477.515625 	 557.287399 
477.723267 	 557.641342 
477.931046 	 557.995239 
478.138779 	 558.349136 
478.346558 	 558.702988 
478.554337 	 559.056839 
478.762161 	 559.410690 
478.969986 	 559.764542 
479.177856 	 560.118347 
479.385681 	 560.472198 
479.593506 	 560.826050 
479.801468 	 561.179810 
480.009293 	 561.533661 
480.217209 	 561.887466 
480.425171 	 562.241226 
480.633041 	 562.595032 
480.841003 	 562.948792 
481.049011 	 563.302505 
481.256973 	 563.656265 
481.464890 	 564.010025 
481.672989 	 564.363693 
481.880997 	 564.717453 
482.089050 	 565.071167 
482.297104 	 565.424881 
482.505112 	 565.778641 
482.713257 	 566.132309 
482.921265 	 566.486023 
483.129318 	 566.839737 
483.337509 	 567.193359 
483.545654 	 567.547028 
483.753799 	 567.900650 
483.961990 	 568.254272 
484.170135 	 568.607895 
484.378281 	 568.961563 
484.586426 	 569.315231 
484.794617 	 569.668854 
485.002899 	 570.022430 
485.211044 	 570.376099 
485.419373 	 570.729630 
485.627563 	 571.083252 
485.835846 	 571.436829 
486.044128 	 571.790405 
486.252411 	 572.143982 
486.460693 	 572.497559 
486.669067 	 572.851089 
486.877350 	 573.204666 
487.085678 	 573.558197 
487.294006 	 573.911728 
487.502380 	 574.265259 
487.710754 	 574.618790 
487.919128 	 574.972321 
488.127502 	 575.325851 
488.335922 	 575.679337 
488.544342 	 576.032822 
488.752762 	 576.386307 
488.961136 	 576.739792 
489.169601 	 577.093277 
489.378067 	 577.446716 
489.586578 	 577.800156 
489.794952 	 578.153641 
490.003418 	 578.507080 
490.211929 	 578.860519 
490.420486 	 579.213913 
490.628998 	 579.567352 
490.837463 	 579.920792 
491.046021 	 580.274185 
491.254578 	 580.627625 
491.463135 	 580.981018 
491.671692 	 581.334412 
491.880249 	 581.687851 
492.088806 	 582.041245 
492.297455 	 582.394592 
492.506058 	 582.747986 
492.714661 	 583.101379 
492.923264 	 583.454773 
493.131912 	 583.808121 
493.340515 	 584.161514 
493.549210 	 584.514816 
493.757812 	 584.868210 
493.966507 	 585.221512 
494.175110 	 585.574860 
494.383850 	 585.928162 
494.592453 	 586.281509 
494.801239 	 586.634811 
495.009933 	 586.988113 
495.218628 	 587.341415 
495.427414 	 587.694717 
495.636154 	 588.048019 
495.844894 	 588.401321 
496.053635 	 588.754623 
496.262375 	 589.107925 
496.471207 	 589.461182 
496.679901 	 589.814529 
496.888733 	 590.167786 
497.097610 	 590.520996 
497.306305 	 590.874344 
497.515182 	 591.227554 
497.724014 	 591.580811 
497.932846 	 591.934067 
498.141678 	 592.287323 
498.350510 	 592.640579 
498.559387 	 592.993790 
498.768219 	 593.347046 
498.977097 	 593.700256 
499.185974 	 594.053467 
499.394943 	 594.406631 
499.603821 	 594.759842 
499.812653 	 595.113052 
500.021530 	 595.466263 
500.230499 	 595.819427 
500.439423 	 596.172638 
500.648392 	 596.525803 
500.857315 	 596.878967 
501.066193 	 597.232178 
501.275162 	 597.585342 
501.484131 	 597.938507 
501.693100 	 598.291672 
501.902069 	 598.644836 
502.111038 	 598.998001 
502.320053 	 599.351120 
502.529022 	 599.704285 
502.738129 	 600.057358 
